4400.0 0.9999999403953552 -0.00010011262929765508 0.00010168710286961868 -0.001175165525637567 0.00010022435162682086 0.9999994039535522 -0.0011017826618626714 -0.02119251899421215 -0.00010157696669921279 0.0011017927899956703 0.9999994039535522 -0.006112861447036266
4433.333333333333 0.9999997615814209 0.0006761134136468172 0.00011136222747154534 -0.0023895276244729757 -0.000675979012157768 0.9999990463256836 -0.0012026033364236355 -0.04422769322991371 -0.00011217531573493034 0.001202527666464448 0.9999992847442627 -0.011884920299053192
4466.666666666667 0.9999995827674866 -0.00017077864322345704 0.0009053047397173941 -0.004825038369745016 0.00017321690393146127 0.9999963641166687 -0.002694003749638796 -0.06448569893836975 -0.0009048422798514366 0.002694159047678113 0.9999959468841553 -0.01909911446273327
4500.0 0.9999979734420776 0.0016311012441292405 0.001140747801400721 -0.006740765646100044 -0.0016266686143353581 0.999991238117218 -0.0038762614130973816 -0.08780696988105774 -0.0011470604222267866 0.0038743980694562197 0.9999918937683105 -0.026578254997730255
4533.333333333333 0.9999925494194031 0.0036464212462306023 0.0012175682932138443 -0.013294870965182781 -0.003646429628133774 0.9999933838844299 4.270696081221104e-06 -0.15551410615444183 -0.001217544893734157 -8.710543625056744e-06 0.9999993443489075 -0.04596536234021187
4566.666666666667 0.999980628490448 0.005999381188303232 0.0016770859947428107 -0.014466328546404839 -0.0060037048533558846 0.9999786615371704 0.0025845812633633614 -0.17822322249412537 -0.0016615442000329494 -0.0025945999659597874 0.999995231628418 -0.0516323484480381
4600.0 0.9999990463256836 -0.0013711759820580482 -3.134670987492427e-05 -0.014252745546400547 0.0013710497878491879 0.9999921917915344 -0.003702291054651141 -0.18602168560028076 3.642202864284627e-05 0.0037022444885224104 0.9999931454658508 -0.0561247356235981
4633.333333333333 0.9999992847442627 -0.0007478373008780181 0.0008755677263252437 -0.01610328070819378 0.0007493963348679245 0.9999980926513672 -0.0017814702587202191 -0.2062855213880539 -0.0008742344798520207 0.0017821242799982429 0.9999980926513672 -0.06242785602807999
4666.666666666667 0.9999844431877136 0.003011216875165701 0.0046797748655080795 -0.022524656727910042 -0.003039712319150567 0.9999768137931824 0.006093823350965977 -0.23554937541484833 -0.004661316052079201 -0.006107954308390617 0.9999704957008362 -0.06949282437562943
4700.0 0.9999926686286926 -0.003824428888037801 -0.00010580349044175819 -0.017939021810889244 0.0038244633469730616 0.9999927282333374 0.00032695874688215554 -0.2412281036376953 0.00010455181472934783 -0.0003273610200267285 0.9999999403953552 -0.07667911052703857
4733.333333333333 0.9999869465827942 -0.0049589709378778934 -0.0012227718252688646 -0.01710180938243866 0.004958165809512138 0.9999874830245972 -0.0006609890842810273 -0.25768521428108215 0.001226034015417099 0.0006549169775098562 0.9999990463256836 -0.0807548239827156
4766.666666666667 0.9999845027923584 -0.005124920047819614 -0.0021854210644960403 -0.01753675565123558 0.005084132310003042 0.9998200535774231 -0.01827722042798996 -0.2412680685520172 0.002278696745634079 0.018265824764966965 0.9998305439949036 -0.08340823650360107
4800.0 0.9999808669090271 -0.005953789222985506 -0.001682928646914661 -0.020385829731822014 0.005933782085776329 0.9999145269393921 -0.011652540415525436 -0.27284395694732666 0.0017521610716357827 0.011642331257462502 0.9999306201934814 -0.09061695635318756
4833.333333333333 0.999975860118866 -0.0067254542373120785 -0.0017399395583197474 -0.022295581176877022 0.006708690430969 0.9999326467514038 -0.0094680767506361 -0.29374444484710693 0.0018034991808235645 0.009456177242100239 0.9999536275863647 -0.09794848412275314
4866.666666666667 0.9999853372573853 -0.005046288017183542 -0.001959707122296095 -0.02427496388554573 0.005024746060371399 0.9999285340309143 -0.010845636948943138 -0.30729860067367554 0.002014296827837825 0.010835631750524044 0.9999392628669739 -0.10343877226114273
4900.0 0.9999952912330627 -0.0017699578311294317 0.002495863474905491 -0.03418143838644028 0.001781408442184329 0.9999879598617554 -0.004592693876475096 -0.33333465456962585 -0.0024877041578292847 0.004597119055688381 0.9999863505363464 -0.11234451085329056
4933.333333333333 0.9999914169311523 -0.0037317813839763403 0.001827871659770608 -0.035680003464221954 0.0037418552674353123 0.9999776482582092 -0.005539261735975742 -0.3457357585430145 -0.0018071597442030907 0.0055460515432059765 0.999983012676239 -0.11720799654722214
4966.666666666667 0.9999681115150452 -0.006518049165606499 -0.004617667756974697 -0.02601635828614235 0.006431936752051115 0.9998095631599426 -0.018423747271299362 -0.3391922116279602 0.004736876115202904 0.018393458798527718 0.9998195767402649 -0.11843162029981613
5000.0 0.9999956488609314 -0.0027335952036082745 0.0010832209372892976 -0.03795332461595535 0.0027474660892039537 0.9999114871025085 -0.01301698386669159 -0.36573266983032227 -0.0010475411545485258 0.013019904494285583 0.9999147653579712 -0.12332522124052048
5033.333333333333 0.9999914765357971 -0.00411669397726655 -0.0005008243024349213 -0.03682193160057068 0.004107318818569183 0.9998390078544617 -0.017468076199293137 -0.37256723642349243 0.0005726534873247147 0.017465865239501 0.9998473525047302 -0.12767891585826874
5066.666666666667 0.9999816417694092 -0.00593357440084219 0.0011802349472418427 -0.04225713759660721 0.005942152347415686 0.999954879283905 -0.0074020083993673325 -0.40511301159858704 -0.001136259874328971 0.0074088857509195805 0.9999719262123108 -0.1381944715976715
5100.0 0.999983012676239 -0.004722327925264835 0.003415664192289114 -0.04802780598402023 0.004753915127366781 0.9999454617500305 -0.009299465455114841 -0.41297677159309387 -0.0033715637400746346 0.009315544739365578 0.9999509453773499 -0.14298196136951447
5133.333333333333 0.9999437928199768 -0.008633621037006378 -0.006151737179607153 -0.031734779477119446 0.008434958755970001 0.9994643330574036 -0.031619250774383545 -0.3821963965892792 0.006421430967748165 0.031565576791763306 0.9994810223579407 -0.13928773999214172
5166.666666666667 0.9999779462814331 -0.00651105772703886 0.0013246976304799318 -0.04839813709259033 0.006528750527650118 0.9998831748962402 -0.01382175087928772 -0.42421114444732666 -0.0012345488648861647 0.013830093666911125 0.9999036192893982 -0.15109892189502716
5200.0 0.9999648332595825 -0.008376221172511578 -0.00036878115497529507 -0.051163747906684875 0.00836939550936222 0.999841570854187 -0.01570712961256504 -0.4421742260456085 0.000500289024785161 0.015703491866588593 0.9998765587806702 -0.16227653622627258
5233.333333333333 0.9999690651893616 -0.007787938229739666 -0.0011196568375453353 -0.05105861276388168 0.007768016774207354 0.9998284578323364 -0.01681438833475113 -0.44574227929115295 0.001250412198714912 0.016805171966552734 0.999858021736145 -0.16422155499458313
5266.666666666667 0.9999595880508423 -0.008776560425758362 -0.0019941842183470726 -0.05190948396921158 0.008740684948861599 0.9998114109039307 -0.017338203266263008 -0.4509503245353699 0.0021459772251546383 0.017320070415735245 0.9998477101325989 -0.16729296743869781
5300.0 0.9999573826789856 -0.008933127857744694 -0.0023488178849220276 -0.05364041030406952 0.008892027661204338 0.9998165965080261 -0.01696185953915119 -0.4575204849243164 0.002499910071492195 0.016940254718065262 0.9998534321784973 -0.17358878254890442
5333.333333333333 0.9999473094940186 -0.009913395158946514 -0.0026674382388591766 -0.06051873415708542 0.009856576099991798 0.9997406005859375 -0.020531442016363144 -0.4762875735759735 0.002870280994102359 0.020504070445895195 0.9997856616973877 -0.1939857006072998
5366.666666666667 0.9999433159828186 -0.010067502968013287 -0.0034665085840970278 -0.05896056815981865 0.009999405592679977 0.9997669458389282 -0.01913098804652691 -0.48046621680259705 0.0036583011969923973 0.01909523829817772 0.9998109936714172 -0.1981847733259201
5400.0 0.9999871253967285 -0.0049707163125276566 0.0009405410964973271 -0.06780274212360382 0.004986688960343599 0.9998286962509155 -0.017823249101638794 -0.483478307723999 -0.0008517856476828456 0.017827710136771202 0.9998407363891602 -0.201056569814682
5433.333333333333 0.999992847442627 -0.003243829822167754 0.0019351965747773647 -0.07031423598527908 0.003277100156992674 0.9998424649238586 -0.017445016652345657 -0.4854326546192169 -0.0018783032428473234 0.017451226711273193 0.9998459219932556 -0.20332622528076172
5466.666666666667 0.9999144077301025 -0.012265130877494812 -0.004549999721348286 -0.05917854979634285 0.012179404497146606 0.9997562766075134 -0.01841256022453308 -0.4886065125465393 0.004774719011038542 0.01835556887090206 0.9998201131820679 -0.2082555890083313
5500.0 0.9999115467071533 -0.012217454612255096 -0.0052547212690114975 -0.05859407037496567 0.012111097574234009 0.9997302293777466 -0.0198175348341465 -0.49138784408569336 0.0054954225197434425 0.0197521410882473 0.999789834022522 -0.209985613822937
5533.333333333333 0.9999837279319763 -0.005695991683751345 -0.0001186052686534822 -0.06839305907487869 0.005692424718290567 0.9997789263725281 -0.020240390673279762 -0.4938822388648987 0.00023386749671772122 0.020239386707544327 0.9997951984405518 -0.21175764501094818
5566.666666666667 0.9999860525131226 -0.005268875975161791 0.00040561507921665907 -0.06975413113832474 0.005276290699839592 0.9997610449790955 -0.021211300045251846 -0.4964148700237274 -0.00029375869780778885 0.021213140338659286 0.9997749924659729 -0.21516381204128265
5600.0 0.999981164932251 -0.005852817092090845 0.0018218724289909005 -0.07302936911582947 0.005889659747481346 0.9997637271881104 -0.02092074044048786 -0.4996333718299866 -0.0016989961732178926 0.020931076258420944 0.9997795224189758 -0.21642613410949707
5633.333333333333 0.9999821782112122 -0.0056699542328715324 0.0018445920431986451 -0.07300769537687302 0.005706215742975473 0.9997778534889221 -0.02028549462556839 -0.5040112733840942 -0.0017291642725467682 0.020295655354857445 0.9997925758361816 -0.22096599638462067
5666.666666666667 0.9999820590019226 -0.005928453058004379 0.000928165391087532 -0.07194750010967255 0.005946640856564045 0.999761700630188 -0.021004796028137207 -0.5061095356941223 -0.0008034188067540526 0.021009933203458786 0.9997790455818176 -0.22409071028232574
5700.0 0.9999834895133972 -0.005661766044795513 0.000998585019260645 -0.07208867371082306 0.00568208796903491 0.999748706817627 -0.02168215438723564 -0.5083025097846985 -0.0008755755261518061 0.021687466651201248 0.9997644424438477 -0.22626613080501556
5733.333333333333 0.9999811053276062 -0.0060045672580599785 0.0013463783543556929 -0.0739750787615776 0.00603204220533371 0.9997521638870239 -0.02142457477748394 -0.5151443481445312 -0.0012173986760899425 0.021432286128401756 0.9997696280479431 -0.2360362857580185
5766.666666666667 0.9999823570251465 -0.005562956444919109 0.002094790805131197 -0.0746927410364151 0.005606946535408497 0.999750554561615 -0.021614592522382736 -0.5169709324836731 -0.0019740285351872444 0.021625950932502747 0.9997642040252686 -0.239363431930542
5800.0 0.9999759793281555 -0.00675763888284564 0.0015285296831279993 -0.07419420033693314 0.006789718754589558 0.999733567237854 -0.022060271352529526 -0.5183760523796082 -0.0013790468219667673 0.02207011915743351 0.9997554421424866 -0.24147579073905945
5833.333333333333 0.999982476234436 -0.0059157852083444595 0.0003747919690795243 -0.07203198224306107 0.005922856740653515 0.999716579914093 -0.023057768121361732 -0.51933354139328 -0.00023828103439882398 0.023059582337737083 0.9997340440750122 -0.24553720653057098
5866.666666666667 0.9999822974205017 -0.005859549157321453 0.0010917186737060547 -0.07398074120283127 0.005884143058210611 0.9996926188468933 -0.024084005504846573 -0.521540641784668 -0.0009502627654001117 0.024089999496936798 0.9997093677520752 -0.24660684168338776
5900.0 0.9999843239784241 -0.005596555303782225 0.00041770131792873144 -0.07278348505496979 0.005605641286820173 0.9996349215507507 -0.026428494602441788 -0.5222134590148926 -0.0002696386072784662 0.026430420577526093 0.9996505975723267 -0.2489127516746521
5933.333333333333 0.9999875426292419 -0.004825883079320192 0.00126365153118968 -0.07468632608652115 0.004859169013798237 0.9996011853218079 -0.027815673500299454 -0.5239041447639465 -0.0011289111571386456 0.027821462601423264 0.9996123313903809 -0.250870943069458
5966.666666666667 0.9999911189079285 -0.00391962006688118 0.0015507182106375694 -0.07523529976606369 0.00396954407915473 0.9994267225265503 -0.03362025320529938 -0.5268073678016663 -0.0014180517755448818 0.03362610563635826 0.9994334578514099 -0.25572144985198975
6000.0 0.9999898672103882 -0.00434463145211339 0.0012263853568583727 -0.07478366047143936 0.004383409395813942 0.9994249939918518 -0.033620692789554596 -0.5271528363227844 -0.0010796095011755824 0.03362572193145752 0.9994339346885681 -0.2571888267993927
6033.333333333333 0.9999916553497314 -0.003855266375467181 0.0013396474532783031 -0.07450872659683228 0.0038988429587334394 0.9994069337844849 -0.034213706851005554 -0.5248317718505859 -0.0012069512158632278 0.034218642860651016 0.9994136095046997 -0.26061052083969116
6066.666666666667 0.9999929666519165 -0.0035941724199801683 0.0010784458136186004 -0.07402821630239487 0.0036289615090936422 0.9994082450866699 -0.03420526906847954 -0.5236436128616333 -0.000954868330154568 0.03420893847942352 0.9994142651557922 -0.2618301212787628
6100.0 0.9999882578849792 -0.0048262146301567554 0.0003549432149156928 -0.07249743491411209 0.004835533909499645 0.9994027018547058 -0.03421700745820999 -0.5228331685066223 -0.00018959358567371964 0.03421832621097565 0.9994143843650818 -0.26459643244743347
6133.333333333333 0.9999841451644897 -0.005631791427731514 -8.501211414113641e-05 -0.0720319077372551 0.005625496152788401 0.9993873238563538 -0.03454360365867615 -0.5193802714347839 0.000279502768535167 0.03454257547855377 0.9994032382965088 -0.2686157524585724
6166.666666666667 0.9999856948852539 -0.00533883785828948 -7.600837852805853e-05 -0.07230587303638458 0.0053332201205194 0.99941486120224 -0.03378608450293541 -0.5181522965431213 0.00025634269695729017 0.03378519415855408 0.9994290471076965 -0.2694297730922699
6200.0 0.9999839663505554 -0.005621252115815878 0.0007043721852824092 -0.07352504879236221 0.005641567055135965 0.9994308352470398 -0.03325709328055382 -0.5171780586242676 -0.0005170262884348631 0.0332605317234993 0.9994465708732605 -0.27100807428359985
6233.333333333333 0.9999840259552002 -0.005505101289600134 0.0012605017982423306 -0.07469232380390167 0.005544282495975494 0.9994219541549683 -0.033541180193424225 -0.5151857733726501 -0.001075125765055418 0.03354763239622116 0.9994365572929382 -0.27346155047416687
6266.666666666667 0.9999839067459106 -0.005614209454506636 0.0008931030752137303 -0.07482045143842697 0.005640074145048857 0.999464750289917 -0.03222327679395676 -0.5139800310134888 -0.000711717177182436 0.032227788120508194 0.9994803667068481 -0.2741851210594177
6300.0 0.9999879002571106 -0.0049142795614898205 -0.0001911316066980362 -0.07225643843412399 0.004906161688268185 0.9995225071907043 -0.030505698174238205 -0.5132936835289001 0.0003409546916373074 0.030504388734698296 0.999534547328949 -0.2756255865097046
6333.333333333333 0.9999831318855286 -0.0057562729343771935 0.0007960076909512281 -0.07441683113574982 0.005778008606284857 0.9995113015174866 -0.030722156167030334 -0.5112330913543701 -0.0006187721737660468 0.030726227909326553 0.9995276927947998 -0.2748313546180725
6366.666666666667 0.9999825358390808 -0.005621838849037886 0.0018019508570432663 -0.07667713612318039 0.005675481632351875 0.9994940757751465 -0.03129309043288231 -0.5088749527931213 -0.001625114120543003 0.03130276873707771 0.9995086789131165 -0.27552875876426697
6400.0 0.9999807476997375 -0.006094440817832947 0.0012174645671620965 -0.07539895921945572 0.006130066234618425 0.9994757771492004 -0.031789615750312805 -0.5063289999961853 -0.0010230864863842726 0.03179645910859108 0.9994938969612122 -0.2775164842605591
6433.333333333333 0.999983012676239 -0.005460081156343222 0.0020391943398863077 -0.07674515247344971 0.005520842969417572 0.9995014071464539 -0.031086884438991547 -0.5054954886436462 -0.0018684410024434328 0.031097617000341415 0.999514639377594 -0.2783518135547638
6466.666666666667 0.9999837875366211 -0.005458817817270756 0.0016081875655800104 -0.07619309425354004 0.005506318528205156 0.9994985461235046 -0.031184319406747818 -0.5041275024414062 -0.0014371512224897742 0.03119267150759697 0.9995123744010925 -0.27852553129196167
6500.0 0.9999845027923584 -0.005072316620498896 0.0023006759583950043 -0.07743171602487564 0.005140579771250486 0.9995152950286865 -0.030705280601978302 -0.5033711194992065 -0.002143812132999301 0.030716631561517715 0.9995259046554565 -0.2801901400089264
6533.333333333333 0.9999871253967285 -0.004850239958614111 0.001489269663579762 -0.0783783420920372 0.004896132275462151 0.9994585514068604 -0.032536789774894714 -0.49877575039863586 -0.0013306514592841268 0.032543666660785675 0.9994694590568542 -0.28302448987960815
6566.666666666667 0.9999964237213135 -0.0026467766147106886 -0.00028437894070520997 -0.07640894502401352 0.0026368489488959312 0.9995291233062744 -0.030567064881324768 -0.5013885498046875 0.0003651498118415475 0.030566208064556122 0.9995326399803162 -0.2833417057991028
6600.0 0.9999895095825195 -0.0037937741726636887 -0.002541950438171625 -0.07716978341341019 0.0037132524885237217 0.9995135068893433 -0.030966220423579216 -0.4978039860725403 0.0026581936981528997 0.030956462025642395 0.9995171427726746 -0.2828526794910431
6633.333333333333 0.9999788999557495 -0.003887684317305684 -0.005193742457777262 -0.07783287018537521 0.0037325189914554358 0.9995561242103577 -0.02955807000398636 -0.4966929256916046 0.005306348670274019 0.02953806146979332 0.9995495080947876 -0.2823749780654907
6666.666666666667 0.9999687671661377 -0.004133772570639849 -0.006720361765474081 -0.08084800094366074 0.003935616929084063 0.9995647668838501 -0.029236692935228348 -0.49481144547462463 0.006838294677436352 0.029209330677986145 0.9995499849319458 -0.2812112867832184
6700.0 0.9999439120292664 -0.005568527616560459 -0.009005647152662277 -0.08421918749809265 0.0053039356134831905 0.9995611906051636 -0.029142457991838455 -0.49194371700286865 0.009163976646959782 0.02909306064248085 0.9995346665382385 -0.28236499428749084
6733.333333333333 0.999922513961792 -0.006504375953227282 -0.010608668439090252 -0.08847129344940186 0.006196802947670221 0.9995667338371277 -0.0287721399217844 -0.491136372089386 0.010791219770908356 0.028704172000288963 0.9995296597480774 -0.2804165780544281
6766.666666666667 0.9998868703842163 -0.006623321212828159 -0.013502918183803558 -0.0912156030535698 0.0062269181944429874 0.999554455280304 -0.029190443456172943 -0.48856744170188904 0.013690240681171417 0.029103059321641922 0.9994826316833496 -0.2821449041366577
6800.0 0.9998894333839417 -0.007717518135905266 -0.01271139271557331 -0.11613460630178452 0.007357595954090357 0.9995772838592529 -0.02812245674431324 -0.4839746654033661 0.012923058122396469 0.02802582085132599 0.9995236396789551 -0.28554147481918335
6833.333333333333 0.999919056892395 -0.006971634924411774 -0.010639977641403675 -0.12476073205471039 0.006658255122601986 0.9995511174201965 -0.02920975163578987 -0.4817907214164734 0.010838842950761318 0.029136542230844498 0.9995167255401611 -0.28869932889938354
6866.666666666667 0.9999507665634155 -0.006332601886242628 -0.007641702890396118 -0.13716673851013184 0.006112164352089167 0.9995741844177246 -0.028533048927783966 -0.4812268614768982 0.00781913474202156 0.02848493866622448 0.9995636343955994 -0.29190799593925476
6900.0 0.9999631643295288 -0.006675516255199909 -0.005398641340434551 -0.14980334043502808 0.006517345551401377 0.9995638132095337 -0.02880348265171051 -0.47983020544052124 0.005588565021753311 0.028767239302396774 0.9995704889297485 -0.2961750626564026
6933.333333333333 0.9999789595603943 -0.005864867940545082 -0.0027411598712205887 -0.1631115972995758 0.005781622137874365 0.9995495080947876 -0.029449429363012314 -0.47926077246665955 0.002912642667070031 0.029432963579893112 0.9995625019073486 -0.29787009954452515
6966.666666666667 0.999981164932251 -0.006112813018262386 -0.0004551141173578799 -0.17757488787174225 0.00609691021963954 0.9995545148849487 -0.02921527624130249 -0.47872111201286316 0.0006334986537694931 0.029211953282356262 0.9995729923248291 -0.3008379638195038
7000.0 0.9999731779098511 -0.007309535052627325 0.00047916651237756014 -0.1910037100315094 0.007320753298699856 0.9995077252388 -0.03050808049738407 -0.4761127531528473 -0.0002559288404881954 0.030510764569044113 0.9995344281196594 -0.3018474578857422
7033.333333333333 0.9999685883522034 -0.007861724123358727 0.0010073515586555004 -0.2041970044374466 0.007889269851148129 0.9994844794273376 -0.03112119436264038 -0.47531452775001526 -0.0007621644763275981 0.031128162518143654 0.9995151162147522 -0.3034852147102356
7066.666666666667 0.9999697208404541 -0.007776245940476656 0.0005444136331789196 -0.21504069864749908 0.007789949420839548 0.9994284510612488 -0.032896384596824646 -0.4723171889781952 -0.00028829186339862645 0.03289962187409401 0.9994586110115051 -0.30760064721107483
7100.0 0.9999622106552124 -0.008177881129086018 0.002955635078251362 -0.23148368299007416 0.00827115960419178 0.9994191527366638 -0.0330616757273674 -0.472866952419281 -0.002683542901650071 0.033084869384765625 0.9994489550590515 -0.30668744444847107
7133.333333333333 0.9999618530273438 -0.008118554018437862 0.0032102970872074366 -0.24425338208675385 0.008222052827477455 0.9993995428085327 -0.03366025537252426 -0.473185658454895 -0.0029350966215133667 0.03368536755442619 0.9994282126426697 -0.3088991045951843
7166.666666666667 0.9999650120735168 -0.008226660080254078 0.0015345059800893068 -0.2531479597091675 0.008275425992906094 0.9993504881858826 -0.035071853548288345 -0.4705454111099243 -0.001244985731318593 0.03508332371711731 0.9993835687637329 -0.3125978410243988
7200.0 0.9999657273292542 -0.007916812784969807 0.0024111364036798477 -0.26661744713783264 0.007998107932507992 0.9993264079093933 -0.03581566363573074 -0.47064611315727234 -0.002125966362655163 0.03583371639251709 0.9993554949760437 -0.3122193515300751
7233.333333333333 0.9999338984489441 -0.010356650687754154 0.0050207176245749 -0.28427502512931824 0.010513925924897194 0.9994202852249146 -0.03238251432776451 -0.4796241819858551 -0.004682434257119894 0.032433152198791504 0.9994629621505737 -0.3145740032196045
7266.666666666667 0.9999054074287415 -0.012477283366024494 0.005795580334961414 -0.3195432424545288 0.0126471146941185 0.9994622468948364 -0.03025469370186329 -0.4771617650985718 -0.00541496928781271 0.030325129628181458 0.9995253682136536 -0.3260745406150818
7300.0 0.9998998045921326 -0.012137554585933685 0.007297982461750507 -0.33236631751060486 0.01233801618218422 0.9995296597480774 -0.02808072231709957 -0.48015350103378296 -0.00695372000336647 0.028167951852083206 0.9995789527893066 -0.3277519643306732
7333.333333333333 0.9999068975448608 -0.012179450131952763 0.0061614071018993855 -0.34094899892807007 0.012349807657301426 0.9995201230049133 -0.02841118536889553 -0.47966358065605164 -0.0058124191127717495 0.028484629467129707 0.9995772838592529 -0.3302842378616333
7366.666666666667 0.9998972415924072 -0.012820633128285408 0.006417832337319851 -0.3520801365375519 0.013005482964217663 0.9994761347770691 -0.029640330001711845 -0.4799502491950989 -0.006034463178366423 0.029720747843384743 0.9995400309562683 -0.3303397595882416
7400.0 0.9998903274536133 -0.013250323943793774 0.006615393329411745 -0.3622027635574341 0.013445095159113407 0.9994498491287231 -0.030321700498461723 -0.47996315360069275 -0.006209982559084892 0.030407320708036423 0.9995182752609253 -0.33471086621284485
7433.333333333333 0.9998794198036194 -0.013485406525433064 0.007704362738877535 -0.3739885687828064 0.013713723979890347 0.9994440674781799 -0.030393511056900024 -0.4788190722465515 -0.007290211506187916 0.030495500192046165 0.999508261680603 -0.33750858902931213
7466.666666666667 0.999871015548706 -0.013887996785342693 0.00806752685457468 -0.38366663455963135 0.01411440595984459 0.9994878768920898 -0.028720218688249588 -0.48013925552368164 -0.007664530072361231 0.028830379247665405 0.9995549321174622 -0.34149762988090515
7500.0 0.9998759031295776 -0.012716631405055523 0.009296812117099762 -0.3947664201259613 0.012966284528374672 0.9995431303977966 -0.02730579674243927 -0.48211464285850525 -0.008945328183472157 0.027422955259680748 0.999583899974823 -0.34376105666160583
7533.333333333333 0.9998613595962524 -0.013495020568370819 0.00975288636982441 -0.4050202965736389 0.013758395798504353 0.9995282292366028 -0.027462121099233627 -0.4819023311138153 -0.009377682581543922 0.027592500671744347 0.9995752573013306 -0.3467158377170563
7566.666666666667 0.9999207258224487 -0.012122280895709991 0.003402196103706956 -0.39573997259140015 0.012224315665662289 0.9994204044342041 -0.031770091503858566 -0.47356194257736206 -0.0030150983948260546 0.031809158623218536 0.999489426612854 -0.34241846203804016
7600.0 0.9999222159385681 -0.012018666602671146 0.0033220560289919376 -0.40374982357025146 0.012116575613617897 0.9994391798973083 -0.03121805377304554 -0.4754312336444855 -0.002944992622360587 0.03125588223338127 0.9995070695877075 -0.3468146324157715
7633.333333333333 0.9999083280563354 -0.012887190096080303 0.004149865824729204 -0.41278859972953796 0.013023347593843937 0.9993146061897278 -0.03465089201927185 -0.4721502363681793 -0.003700468223541975 0.03470175713300705 0.9993908405303955 -0.3483729362487793
7666.666666666667 0.9999091625213623 -0.013004420325160027 0.003535158932209015 -0.41995155811309814 0.013121337629854679 0.9992887377738953 -0.03535161167383194 -0.4729175269603729 -0.003072916530072689 0.035394784063100815 0.9993686676025391 -0.3524206280708313
7700.0 0.9999028444290161 -0.0132746621966362 0.004236877430230379 -0.4297090172767639 0.013417295180261135 0.9992749094963074 -0.035628605633974075 -0.4738471508026123 -0.003760848194360733 0.03568199276924133 0.9993561506271362 -0.35477614402770996
7733.333333333333 0.9999014139175415 -0.013448081910610199 0.0040472205728292465 -0.4361932575702667 0.01358182542026043 0.9992927312850952 -0.03506500646471977 -0.4757598638534546 -0.0035728008951991796 0.035116516053676605 0.9993768334388733 -0.35892996191978455
7766.666666666667 0.9999052286148071 -0.01316983625292778 0.003998056519776583 -0.4435909390449524 0.01330865640193224 0.9992284774780273 -0.03694801777601242 -0.47604507207870483 -0.003508373163640499 0.0369977243244648 0.9993091821670532 -0.36220526695251465
7800.0 0.9998968839645386 -0.01371087972074747 0.004263794049620628 -0.451313316822052 0.01386800967156887 0.9991307258605957 -0.03931209444999695 -0.47463521361351013 -0.003721083514392376 0.03936717286705971 0.9992178082466125 -0.36627233028411865
7833.333333333333 0.9999035000801086 -0.013406619429588318 0.003616420552134514 -0.4551313817501068 0.013543491251766682 0.9990700483322144 -0.04093450307846069 -0.47414180636405945 -0.003064264077693224 0.0409795343875885 0.9991552829742432 -0.3670717775821686
7866.666666666667 0.9999018907546997 -0.013387473300099373 0.004134170711040497 -0.4637429416179657 0.013547035865485668 0.9990533590316772 -0.04133963957428932 -0.4741303622722626 -0.003576823975890875 0.041391585022211075 0.9991365671157837 -0.37293073534965515
7900.0 0.9998883605003357 -0.01416517049074173 0.004746359772980213 -0.471586674451828 0.014346631243824959 0.9990696907043457 -0.0406707301735878 -0.47490251064300537 -0.004165837075561285 0.04073428735136986 0.9991613030433655 -0.3775405287742615
7933.333333333333 0.9998844861984253 -0.014556510373950005 0.004386676475405693 -0.47592419385910034 0.014721785672008991 0.9990770220756531 -0.04035146161913872 -0.4747764766216278 -0.0037952521815896034 0.040411368012428284 0.9991759657859802 -0.3802347481250763
7966.666666666667 0.9998800754547119 -0.01469501294195652 0.004875680897384882 -0.4823720157146454 0.014877545647323132 0.9990972280502319 -0.03979223221540451 -0.476431280374527 -0.004286532755941153 0.03985999897122383 0.9991961121559143 -0.38336849212646484
8000.0 0.9998729825019836 -0.015102577395737171 0.005079972557723522 -0.4886533319950104 0.015292628668248653 0.9990937113761902 -0.03972387686371803 -0.4772360026836395 -0.004475436173379421 0.03979651629924774 0.9991977214813232 -0.38741394877433777
8033.333333333333 0.9998493194580078 -0.015622559934854507 0.0075619821436703205 -0.5004904866218567 0.015919296070933342 0.9990358352661133 -0.040915247052907944 -0.4756319224834442 -0.006915490608662367 0.041029464453458786 0.9991340041160583 -0.3935669958591461
8066.666666666667 0.999860942363739 -0.015510216355323792 0.0061319246888160706 -0.502650260925293 0.015755781903862953 0.9989823698997498 -0.04226428270339966 -0.47484228014945984 -0.005470156669616699 0.042355019599199295 0.9990876913070679 -0.3975430428981781
8100.0 0.9998528361320496 -0.01548538263887167 0.007378120440989733 -0.5107997059822083 0.015790864825248718 0.9989363551139832 -0.04332136735320091 -0.4759318232536316 -0.006699425168335438 0.043431494385004044 0.99903404712677 -0.4001656472682953
8133.333333333333 0.9998831152915955 -0.014769538305699825 0.003977896645665169 -0.5060575008392334 0.014933393336832523 0.9988791942596436 -0.04491453617811203 -0.47451284527778625 -0.003310075495392084 0.044968683272600174 0.9989829063415527 -0.40187904238700867
8166.666666666667 0.9998109340667725 -0.016532156616449356 0.010239902883768082 -0.5330810546875 0.016994178295135498 0.998759388923645 -0.04680879786610603 -0.4754328429698944 -0.009453348815441132 0.04697396233677864 0.9988514184951782 -0.41492560505867004
8200.0 0.9998036623001099 -0.016098681837320328 0.01154692005366087 -0.5367028713226318 0.01662166602909565 0.9987695813179016 -0.04672492295503616 -0.4747406542301178 -0.010780501179397106 0.046907681971788406 0.9988410472869873 -0.41974687576293945
8233.333333333334 0.9998226165771484 -0.016125839203596115 0.009728215634822845 -0.5320786237716675 0.016569245606660843 0.9987401962280273 -0.04736579582095146 -0.47328832745552063 -0.008952146396040916 0.04751858487725258 0.9988301992416382 -0.4226034879684448
8266.666666666666 0.9998217821121216 -0.015693433582782745 0.010489506646990776 -0.5368009209632874 0.016184354200959206 0.9986928701400757 -0.048482172191143036 -0.47223377227783203 -0.009714944288134575 0.04864329472184181 0.9987689852714539 -0.42620986700057983
8300.0 0.9998254179954529 -0.016185902059078217 0.009340587072074413 -0.5391607880592346 0.016624407842755318 0.9986627101898193 -0.04895307123661041 -0.4710710644721985 -0.008535743691027164 0.04909980297088623 0.9987574219703674 -0.4286028742790222
8333.333333333334 0.9998318552970886 -0.016470255330204964 0.008064402267336845 -0.5400620698928833 0.016856731846928596 0.9985834956169128 -0.05046496540307999 -0.4704529643058777 -0.0072218067944049835 0.050592415034770966 0.9986931681632996 -0.43031975626945496
8366.666666666666 0.9998418092727661 -0.016186103224754333 0.0073722125962376595 -0.5418305397033691 0.016572028398513794 0.9983097910881042 -0.0557042621076107 -0.46942973136901855 -0.006458117160946131 0.0558176226913929 0.9984201192855835 -0.4304868280887604
8400.0 0.9998459219932556 -0.01613532193005085 0.006919681094586849 -0.543908417224884 0.016558179631829262 0.9976707696914673 -0.06617216765880585 -0.4645618200302124 -0.005835855379700661 0.06627654284238815 0.9977842569351196 -0.42920613288879395
8433.333333333334 0.9998425841331482 -0.015727367252111435 0.008215167559683323 -0.5505737066268921 0.016307871788740158 0.996961772441864 -0.07616684585809708 -0.4636913537979126 -0.006992299109697342 0.07628881931304932 0.9970613718032837 -0.4305975139141083
8466.666666666666 0.999849796295166 -0.015573005191981792 0.007605323567986488 -0.5520997047424316 0.016157984733581543 0.9963241815567017 -0.08412503451108932 -0.459970086812973 -0.006267288699746132 0.084235280752182 0.9964262247085571 -0.4319445490837097
8500.0 0.9998605847358704 -0.015222838148474693 0.006870756857097149 -0.5536689758300781 0.01572493463754654 0.9966577291488647 -0.08016299456357956 -0.4625341296195984 -0.00562748359516263 0.08025985956192017 0.9967580437660217 -0.4351491332054138
8533.333333333334 0.9998632669448853 -0.01553389336913824 0.0056771170347929 -0.5535562634468079 0.01590670458972454 0.9972111582756042 -0.0729166641831398 -0.46534454822540283 -0.004528605379164219 0.07299698889255524 0.9973219037055969 -0.4380725622177124
8566.666666666666 0.999843418598175 -0.016741128638386726 0.005730968900024891 -0.5573467016220093 0.017080822959542274 0.9977058172225952 -0.06550928205251694 -0.4664612412452698 -0.004621122498065233 0.06559691578149796 0.997835636138916 -0.4399809241294861
8600.0 0.9998291730880737 -0.01754244603216648 0.00581749901175499 -0.5598075985908508 0.01783834956586361 0.9983013868331909 -0.055463485419750214 -0.4696280062198639 -0.0048346491530537605 0.05555779114365578 0.9984438419342041 -0.4427897036075592
8633.333333333334 0.9998244643211365 -0.017891723662614822 0.005567611660808325 -0.5614516139030457 0.018137633800506592 0.9986923336982727 -0.04779905825853348 -0.47189944982528687 -0.00470512080937624 0.04789163917303085 0.9988414645195007 -0.4451543986797333
8666.666666666666 0.9998070597648621 -0.018844055011868477 0.005555937997996807 -0.563753068447113 0.019062886014580727 0.9989192485809326 -0.04239014908671379 -0.4748549461364746 -0.004751130938529968 0.04248788580298424 0.9990856647491455 -0.4465237557888031
8700.0 0.9998338222503662 -0.01791364699602127 0.0033789346925914288 -0.5596870183944702 0.018039116635918617 0.9989661574363708 -0.041726913303136826 -0.47293809056282043 -0.0026279580779373646 0.04178093001246452 0.9991233348846436 -0.4458860456943512
8733.333333333334 0.9998445510864258 -0.01747465692460537 0.0023851515725255013 -0.5590512156486511 0.01756029576063156 0.9989416003227234 -0.04251309484243393 -0.47058239579200745 -0.0016397256404161453 0.04254836589097977 0.9990930557250977 -0.44975975155830383
8766.666666666666 0.9997988939285278 -0.0188571959733963 0.006836614105850458 -0.5721083879470825 0.01910920813679695 0.9990607500076294 -0.03889109939336777 -0.4785405993461609 -0.006096815224736929 0.03901391848921776 0.9992200136184692 -0.44845640659332275
8800.0 0.9998350739479065 -0.017878126353025436 0.003200345207005739 -0.5646058320999146 0.017995750531554222 0.998974084854126 -0.041557516902685165 -0.47233447432518005 -0.0024540936574339867 0.04160825163125992 0.9991310834884644 -0.44973471760749817
8833.333333333334 0.9998257756233215 -0.018210934475064278 0.004088947549462318 -0.5685116648674011 0.018365388736128807 0.9989656209945679 -0.04159751534461975 -0.4728200435638428 -0.003327187616378069 0.04166536405682564 0.9991260766983032 -0.4513515830039978
8866.666666666666 0.9998317956924438 -0.018044985830783844 0.0032894769683480263 -0.5736318230628967 0.01818220131099224 0.998680830001831 -0.04801981896162033 -0.47074007987976074 -0.0024186214432120323 0.04807154834270477 0.9988409876823425 -0.4516563415527344
8900.0 0.9998284578323364 -0.01807316392660141 0.0040648323483765125 -0.5769008994102478 0.018248895183205605 0.9986604452133179 -0.04841744154691696 -0.47161200642585754 -0.003184331115335226 0.04848330840468407 0.9988189339637756 -0.45269250869750977
8933.333333333334 0.9998217225074768 -0.01843981444835663 0.004064404405653477 -0.579106867313385 0.01860826276242733 0.9987553954124451 -0.04627468064427376 -0.471397340297699 -0.0032060472294688225 0.04634205624461174 0.9989204406738281 -0.45706790685653687
8966.666666666666 0.9998181462287903 -0.018657218664884567 0.003953363746404648 -0.5814060568809509 0.01879093237221241 0.9991374611854553 -0.03702811896800995 -0.4736267328262329 -0.003259110264480114 0.03709566965699196 0.999306321144104 -0.4608319401741028
9000.0 0.9997958540916443 -0.019904017448425293 0.003473161719739437 -0.5830634832382202 0.01999153383076191 0.9994271993637085 -0.02730448916554451 -0.47587892413139343 -0.0029277002904564142 0.027368348091840744 0.9996211528778076 -0.4649490416049957
9033.333333333334 0.9997959733009338 -0.01992969773709774 0.0032894080504775047 -0.5850887894630432 0.019993245601654053 0.9995884299278259 -0.020571393892169 -0.4796677231788635 -0.0028780754655599594 0.02063295803964138 0.9997830390930176 -0.46578988432884216
9066.666666666666 0.9998013973236084 -0.019596675410866737 0.003605910809710622 -0.587548017501831 0.019672367721796036 0.9995574355125427 -0.022311678156256676 -0.4782460629940033 -0.0031670802272856236 0.02237818017601967 0.9997446537017822 -0.46567201614379883
9100.0 0.9998059272766113 -0.019555460661649704 0.002383642829954624 -0.5867404341697693 0.019612740725278854 0.999442994594574 -0.027001431211829185 -0.4776154160499573 -0.0018542907200753689 0.027042940258979797 0.9996325969696045 -0.46515747904777527
9133.333333333334 0.9998141527175903 -0.019140638411045074 0.0022850241512060165 -0.5880601406097412 0.019205337390303612 0.9992772936820984 -0.03280498832464218 -0.47528043389320374 -0.0016554640606045723 0.03284277766942978 0.9994592070579529 -0.4657585322856903
9166.666666666666 0.9998207688331604 -0.018795674666762352 0.002260778797790408 -0.5900251865386963 0.0188674908131361 0.9991132020950317 -0.03764095902442932 -0.4730280637741089 -0.0015512859681621194 0.0376768633723259 0.9992888569831848 -0.46795061230659485
9200.0 0.9998312592506409 -0.018159452825784683 0.0027793096378445625 -0.5924067497253418 0.018258314579725266 0.9989897012710571 -0.04106339067220688 -0.47139105200767517 -0.0020308131352066994 0.04110720753669739 0.9991527795791626 -0.4683331251144409
9233.333333333334 0.9998282194137573 -0.018375737592577934 0.0024519525468349457 -0.5941059589385986 0.01846683956682682 0.9988346099853516 -0.044592320919036865 -0.4674742519855499 -0.0016296791145578027 0.044629935175180435 0.9990023374557495 -0.4700768291950226
9266.666666666666 0.9998375177383423 -0.017826776951551437 0.002686102408915758 -0.5963106751441956 0.0179319866001606 0.9987687468528748 -0.04625297710299492 -0.46741417050361633 -0.0018582538468763232 0.04629362374544144 0.9989261627197266 -0.4709537923336029
9300.0 0.9998305439949036 -0.018330026417970657 0.0016967589035630226 -0.5958059430122375 0.018390299752354622 0.9986814856529236 -0.04792959615588188 -0.4658204913139343 -0.0008159724529832602 0.04795268177986145 0.9988493323326111 -0.474153071641922
9333.333333333334 0.9998293519020081 -0.018409233540296555 0.0015681891236454248 -0.5975330471992493 0.018464405089616776 0.9985960721969604 -0.04964763671159744 -0.4627344310283661 -0.0006520119495689869 0.04966811090707779 0.9987656474113464 -0.4745028018951416
9366.666666666666 0.9998270869255066 -0.01842920482158661 0.0024904641322791576 -0.6006842851638794 0.018530016764998436 0.9985997676849365 -0.049550462514162064 -0.4611324965953827 -0.0015738030197098851 0.04958803951740265 0.9987686276435852 -0.4762372672557831
9400.0 0.9998117089271545 -0.019177790731191635 0.002949683228507638 -0.6036867499351501 0.019297363236546516 0.9986600279808044 -0.04801899567246437 -0.4610898792743683 -0.002024831948801875 0.0480668805539608 0.9988420009613037 -0.4797334671020508
9433.333333333334 0.9998130798339844 -0.019096042960882187 0.0030326496344059706 -0.6052979826927185 0.01921943388879299 0.9986674785614014 -0.04789407551288605 -0.45783308148384094 -0.002114019123837352 0.04794340208172798 0.9988477826118469 -0.48332127928733826
9466.666666666666 0.9998193383216858 -0.018701860681176186 0.00341403903439641 -0.6072459816932678 0.01884036511182785 0.9987425208091736 -0.04646029695868492 -0.4598303735256195 -0.002540854038670659 0.04651622846722603 0.9989142417907715 -0.48365142941474915
